{
	"data" : 
	{
		"0.000001" : 
		{
			"Base euler acceleration" : 
			[
				-109.045203104539,
				203.66798442540906,
				-30.99063252298631
			],
			"Base euler position" : 
			[
				0,
				-0,
				0
			],
			"Base euler velocity" : 
			[
				0,
				0,
				0
			],
			"Base linear acceleration" : 
			[
				-9.9148332607520047,
				-7.3232427234935367,
				18.505793442494916
			],
			"Base linear position" : 
			[
				0,
				0,
				0.29499999999999998
			],
			"Base linear velocity" : 
			[
				0,
				0,
				0
			],
			"Contact forces" : 
			{
				"0" : 
				[
					-1.7915124130746793,
					-2.2026485768353448,
					6.9506207162931322
				],
				"1" : 
				[
					-17.518631074060782,
					-17.823271796443468,
					44.718609299679308
				],
				"2" : 
				[
					-2.912339963814182,
					-2.3930739394465808,
					10.254499158074529
				],
				"3" : 
				[
					-10.496467946779161,
					-1.7476813852054991,
					31.507345444296032
				]
			},
			"Foot acceleration" : 
			{
				"0" : 
				[
					0,
					0,
					0
				],
				"1" : 
				[
					0,
					0,
					0
				],
				"2" : 
				[
					0,
					0,
					0
				],
				"3" : 
				[
					0,
					0,
					0
				]
			},
			"Foot position" : 
			{
				"0" : 
				[
					0.23000000000000001,
					-0.10000000000000001,
					0
				],
				"1" : 
				[
					0.23000000000000001,
					0.10000000000000001,
					0
				],
				"2" : 
				[
					-0.23000000000000001,
					-0.10000000000000001,
					0
				],
				"3" : 
				[
					-0.23000000000000001,
					0.10000000000000001,
					0
				]
			},
			"Foot velocity" : 
			{
				"0" : 
				[
					0,
					0,
					0
				],
				"1" : 
				[
					0,
					0,
					0
				],
				"2" : 
				[
					0,
					0,
					0
				],
				"3" : 
				[
					0,
					0,
					0
				]
			},
			"Joint position" : 
			[
				-0.045125175757969795,
				0.84274074997098969,
				0,
				-0.045125175757969795,
				0.84274074997098969,
				0,
				-0.045125175757969795,
				0.51572163519105296,
				0,
				-0.045125175757969795,
				0.51572163519105296,
				0
			],
			"Quat" : 
			[
				1,
				0,
				0,
				0,
				1,
				0,
				0,
				0,
				1
			]
		},
		"0.002001" : 
		{
			"Base euler acceleration" : 
			[
				-104.14206094954369,
				194.82823841237217,
				-30.425274560052987
			],
			"Base euler position" : 
			[
				3.1413778075554428,
				3.1411912238163824,
				3.1415309647066341
			],
			"Base euler velocity" : 
			[
				-0.21319924925425401,
				0.39848982847282383,
				-0.061457097816492195
			],
			"Base linear acceleration" : 
			[
				-9.5498397872985414,
				-7.1020573865386298,
				17.889881900597494
			],
			"Base linear position" : 
			[
				-1.95863375392017e-05,
				-1.4499028555683801e-05,
				0.29503660097919038
			],
			"Base linear velocity" : 
			[
				-0.019464673048050544,
				-0.014425300110032166,
				0.036395675343092404
			],
			"Contact forces" : 
			{
				"0" : 
				[
					-0.48190859871140745,
					-2.5076167095078352,
					0.64692708299517354
				],
				"1" : 
				[
					-17.50651565230725,
					-17.759273451773378,
					44.770187944469455
				],
				"2" : 
				[
					-2.7935783015047133,
					-2.227118608409564,
					9.7801259265757423
				],
				"3" : 
				[
					-10.402510534596233,
					-1.732037301775561,
					38.837997422549542
				]
			},
			"Foot acceleration" : 
			{
				"0" : 
				[
					0,
					0,
					0
				],
				"1" : 
				[
					0,
					0,
					0
				],
				"2" : 
				[
					0,
					0,
					0
				],
				"3" : 
				[
					0,
					0,
					0
				]
			},
			"Foot position" : 
			{
				"0" : 
				[
					0.23000000000000001,
					-0.10000000000000001,
					0
				],
				"1" : 
				[
					0.23000000000000001,
					0.10000000000000001,
					0
				],
				"2" : 
				[
					-0.23000000000000001,
					-0.10000000000000001,
					0
				],
				"3" : 
				[
					-0.23000000000000001,
					0.10000000000000001,
					0
				]
			},
			"Foot velocity" : 
			{
				"0" : 
				[
					0,
					0,
					0
				],
				"1" : 
				[
					0,
					0,
					0
				],
				"2" : 
				[
					0,
					0,
					0
				],
				"3" : 
				[
					0,
					0,
					0
				]
			},
			"Joint position" : 
			[
				-0.045510938264562477,
				0.84327126105521399,
				0,
				-0.044760149221263569,
				0.8432060678088612,
				0,
				-0.045359612489084634,
				0.51671281665757329,
				0,
				-0.044842787801175468,
				0.51661156052083179,
				0
			],
			"Quat" : 
			[
				0.99999991752431061,
				-6.1688878149310954e-05,
				-0.00040142976262949837,
				6.1602636104278501e-05,
				0.99999997502315219,
				-0.00021484601538681875,
				0.00040144300621271228,
				0.00021482126853565684,
				0.99999989634766229
			]
		},
		"0.004001" : 
		{
			"Base euler acceleration" : 
			[
				-99.170538527108974,
				186.02468450307495,
				-29.631647756066219
			],
			"Base euler position" : 
			[
				3.140746246939826,
				3.1400105592779091,
				3.1413470675847059
			],
			"Base euler velocity" : 
			[
				-0.41652267802584353,
				0.77933708070383922,
				-0.1215489572757902
			],
			"Base linear acceleration" : 
			[
				-9.1848463138450764,
				-6.880872049583723,
				17.273970358700069
			],
			"Base linear position" : 
			[
				-7.7372034227597553e-05,
				-5.740628665752212e-05,
				0.29514476148598318
			],
			"Base linear velocity" : 
			[
				-0.038199359149194166,
				-0.028408229546154518,
				0.071559527602389969
			],
			"Contact forces" : 
			{
				"0" : 
				[
					0.75902922753916802,
					-2.7817877037740759,
					-5.2161983967694647
				],
				"1" : 
				[
					-17.469423435991782,
					-17.57280929656039,
					44.914961245471446
				],
				"2" : 
				[
					-2.6528480471334484,
					-2.0313315415172681,
					9.2167587922796592
				],
				"3" : 
				[
					-10.135123308741706,
					-1.6875168326376508,
					59.69981822657541
				]
			},
			"Foot acceleration" : 
			{
				"0" : 
				[
					0,
					0,
					0
				],
				"1" : 
				[
					0,
					0,
					0
				],
				"2" : 
				[
					0,
					0,
					0
				],
				"3" : 
				[
					0,
					0,
					0
				]
			},
			"Foot position" : 
			{
				"0" : 
				[
					0.23000000000000001,
					-0.10000000000000001,
					0
				],
				"1" : 
				[
					0.23000000000000001,
					0.10000000000000001,
					0
				],
				"2" : 
				[
					-0.23000000000000001,
					-0.10000000000000001,
					0
				],
				"3" : 
				[
					-0.23000000000000001,
					0.10000000000000001,
					0
				]
			},
			"Foot velocity" : 
			{
				"0" : 
				[
					0,
					0,
					0
				],
				"1" : 
				[
					0,
					0,
					0
				],
				"2" : 
				[
					0,
					0,
					0
				],
				"3" : 
				[
					0,
					0,
					0
				]
			},
			"Joint position" : 
			[
				-0.046648932529521521,
				0.84483555520381903,
				0,
				-0.043682937188964904,
				0.84457735218656937,
				0,
				-0.046047342923311842,
				0.5196304520989613,
				0,
				-0.044014134812782282,
				0.51922968468719288,
				0
			],
			"Quat" : 
			[
				0.99999871833285014,
				-0.00024558569526502035,
				-0.0015820936518815393,
				0.00024424682026161931,
				0.99999961197054366,
				-0.00084640548961854736,
				0.001582300903063244,
				0.00084601798346460773,
				0.99999839028741633
			]
		},
		"0.006001" : 
		{
			"Base euler acceleration" : 
			[
				-94.137150045490316,
				177.25300446137541,
				-28.646413732360656
			],
			"Base euler position" : 
			[
				3.1397174379740949,
				3.1380860971470121,
				3.1410427165153307
			],
			"Base euler velocity" : 
			[
				-0.60984017412539393,
				1.1426098145988499,
				-0.17985598882829953
			],
			"Base linear acceleration" : 
			[
				-8.8198528403916132,
				-6.6596867126288153,
				16.658058816802647
			],
			"Base linear position" : 
			[
				-0.00017189711617137372,
				-0.00012783703295769533,
				0.29532201787421075
			],
			"Base linear velocity" : 
			[
				-0.056204058303430851,
				-0.041948788308367055,
				0.10549155677789268
			],
			"Contact forces" : 
			{
				"0" : 
				[
					1.9327108071997918,
					-3.0260269880404023,
					-10.649525380761062
				],
				"1" : 
				[
					-17.40623549853208,
					-17.272175649000417,
					45.137985252632575
				],
				"2" : 
				[
					-2.4914149492002364,
					-1.8075464154507381,
					8.5703514251976056
				],
				"3" : 
				[
					-9.7160337852569558,
					-1.6177376495196236,
					92.39760516027161
				]
			},
			"Foot acceleration" : 
			{
				"0" : 
				[
					0,
					0,
					0
				],
				"1" : 
				[
					0,
					0,
					0
				],
				"2" : 
				[
					0,
					0,
					0
				],
				"3" : 
				[
					0,
					0,
					0
				]
			},
			"Foot position" : 
			{
				"0" : 
				[
					0.23000000000000001,
					-0.10000000000000001,
					0
				],
				"1" : 
				[
					0.23000000000000001,
					0.10000000000000001,
					0
				],
				"2" : 
				[
					-0.23000000000000001,
					-0.10000000000000001,
					0
				],
				"3" : 
				[
					-0.23000000000000001,
					0.10000000000000001,
					0
				]
			},
			"Foot velocity" : 
			{
				"0" : 
				[
					0,
					0,
					0
				],
				"1" : 
				[
					0,
					0,
					0
				],
				"2" : 
				[
					0,
					0,
					0
				],
				"3" : 
				[
					0,
					0,
					0
				]
			},
			"Joint position" : 
			[
				-0.048510886085998205,
				0.84739460391570121,
				0,
				-0.041919655245562876,
				0.8468195903879624,
				0,
				-0.04716496176463008,
				0.52438928880361158,
				0,
				-0.042667419643921706,
				0.52349768049580003,
				0
			],
			"Quat" : 
			[
				0.99999370082279693,
				-0.00054993366575043694,
				-0.0035065492567186904,
				0.00054336054875928519,
				0.99999809418471797,
				-0.0018752029879376293,
				0.0035075738111367129,
				0.0018732858551733344,
				0.99999209383177834
			]
		},
		"0.008001" : 
		{
			"Base euler acceleration" : 
			[
				-89.047739350575256,
				168.50893082113998,
				-27.504518204839087
			],
			"Base euler position" : 
			[
				3.1383108468894014,
				3.1354532745963315,
				3.1406196657898309
			],
			"Base euler velocity" : 
			[
				-0.79303393939346589,
				1.488367501595439,
				-0.23603020918391762
			],
			"Base linear acceleration" : 
			[
				-8.4548593669381482,
				-6.4385013756739085,
				16.042147274905226
			],
			"Base linear position" : 
			[
				-0.00030170160947671631,
				-0.00022490652610838381,
				0.29556590649770553
			],
			"Base linear velocity" : 
			[
				-0.073478770510760613,
				-0.055046976396669778,
				0.13819176286960055
			],
			"Contact forces" : 
			{
				"0" : 
				[
					3.0405458817932094,
					-3.2411999907131488,
					-15.663823526739904
				],
				"1" : 
				[
					-17.315832913345833,
					-16.865668827289372,
					45.424316015900153
				],
				"2" : 
				[
					-2.3105447562049233,
					-1.55759690689102,
					7.8468574953409105
				],
				"3" : 
				[
					-9.1669694801833579,
					-1.5263174241493351,
					135.23615552753611
				]
			},
			"Foot acceleration" : 
			{
				"0" : 
				[
					0,
					0,
					0
				],
				"1" : 
				[
					0,
					0,
					0
				],
				"2" : 
				[
					0,
					0,
					0
				],
				"3" : 
				[
					0,
					0,
					0
				]
			},
			"Foot position" : 
			{
				"0" : 
				[
					0.23000000000000001,
					-0.10000000000000001,
					0
				],
				"1" : 
				[
					0.23000000000000001,
					0.10000000000000001,
					0
				],
				"2" : 
				[
					-0.23000000000000001,
					-0.10000000000000001,
					0
				],
				"3" : 
				[
					-0.23000000000000001,
					0.10000000000000001,
					0
				]
			},
			"Foot velocity" : 
			{
				"0" : 
				[
					0,
					0,
					0
				],
				"1" : 
				[
					0,
					0,
					0
				],
				"2" : 
				[
					0,
					0,
					0
				],
				"3" : 
				[
					0,
					0,
					0
				]
			},
			"Joint position" : 
			[
				-0.051069344103159484,
				0.85091150345936706,
				0,
				-0.039495583999304244,
				0.84990004695590926,
				0,
				-0.048689053926490276,
				0.53090249234787434,
				0,
				-0.040831319511073536,
				0.52933627682380113,
				0
			],
			"Quat" : 
			[
				0.99998068072831114,
				-0.00097296930958511456,
				-0.0061393404259819425,
				0.00095283432394023093,
				0.99999416113102579,
				-0.0032817389608306982,
				0.0061424976104685648,
				0.0032758257857398729,
				0.99997576905069396
			]
		},
		"0.010001" : 
		{
			"Base euler acceleration" : 
			[
				-83.907726476529916,
				159.78825103801913,
				-26.239197655517557
			],
			"Base euler position" : 
			[
				3.1365459399168971,
				3.1321475287985057,
				3.1400796696995288
			],
			"Base euler velocity" : 
			[
				-0.96599740135268608,
				1.816661132485444,
				-0.28979181614251459
			],
			"Base linear acceleration" : 
			[
				-8.089865893484685,
				-6.2173160387190016,
				15.4262357330078
			],
			"Base linear position" : 
			[
				-0.00046532554024981162,
				-0.00034773002476176792,
				0.29587396371029995
			],
			"Base linear velocity" : 
			[
				-0.090023495771183459,
				-0.067702793811062686,
				0.1696601458775136
			],
			"Contact forces" : 
			{
				"0" : 
				[
					4.0839441928421651,
					-3.4281721401986514,
					-20.26986249246626
				],
				"1" : 
				[
					-17.19709675385074,
					-16.361585149623171,
					45.759009585221492
				],
				"2" : 
				[
					-2.1115032166473564,
					-1.2833166925191595,
					7.052230672720909
				],
				"3" : 
				[
					-8.5096579095622964,
					-1.4168738282546409,
					186.52026663226698
				]
			},
			"Foot acceleration" : 
			{
				"0" : 
				[
					0,
					0,
					0
				],
				"1" : 
				[
					0,
					0,
					0
				],
				"2" : 
				[
					0,
					0,
					0
				],
				"3" : 
				[
					0,
					0,
					0
				]
			},
			"Foot position" : 
			{
				"0" : 
				[
					0.23000000000000001,
					-0.10000000000000001,
					0
				],
				"1" : 
				[
					0.23000000000000001,
					0.10000000000000001,
					0
				],
				"2" : 
				[
					-0.23000000000000001,
					-0.10000000000000001,
					0
				],
				"3" : 
				[
					-0.23000000000000001,
					0.10000000000000001,
					0
				]
			},
			"Foot velocity" : 
			{
				"0" : 
				[
					0,
					0,
					0
				],
				"1" : 
				[
					0,
					0,
					0
				],
				"2" : 
				[
					0,
					0,
					0
				],
				"3" : 
				[
					0,
					0,
					0
				]
			},
			"Joint position" : 
			[
				-0.054297592605364361,
				0.85535109427711797,
				0,
				-0.036435256400315648,
				0.85378780940070242,
				0,
				-0.050596238993824566,
				0.53908199604721074,
				0,
				-0.038534852116600876,
				0.53666550113275391,
				0
			],
			"Quat" : 
			[
				0.99995425063158649,
				-0.0015129158266223622,
				-0.0094449843580485006,
				0.001465298170937723,
				0.99998619294000402,
				-0.0050464671431979056,
				0.0094524888305922809,
				0.0050323965522090005,
				0.99994266107604834
			]
		},
		"0.012001" : 
		{
			"Base euler acceleration" : 
			[
				-78.722320106151471,
				151.08681121375866,
				-24.881985420577244
			],
			"Base euler position" : 
			[
				3.1344421832877338,
				3.1282042969261741,
				3.1394244825357478
			],
			"Base euler velocity" : 
			[
				-1.1286345835822129,
				2.1275333309984843,
				-0.3409257764277952
			],
			"Base linear acceleration" : 
			[
				-7.7248724200312218,
				-5.9961307017640948,
				14.810324191110379
			],
			"Base linear position" : 
			[
				-0.00066130893459684554,
				-0.0004954227875700281,
				0.29624372586582642
			],
			"Base linear velocity" : 
			[
				-0.10583823408469936,
				-0.079916240551545781,
				0.19989670580163177
			],
			"Contact forces" : 
			{
				"0" : 
				[
					5.0643154818694036,
					-3.5878088649032436,
					-24.478411935700407
				],
				"1" : 
				[
					-17.048908093464494,
					-15.76822093419773,
					46.127122010543886
				],
				"2" : 
				[
					-1.8955560790273849,
					-0.9865394490162025,
					6.1924246273489256
				],
				"3" : 
				[
					-7.7658265894351484,
					-1.2930245335633963,
					244.55473577836216
				]
			},
			"Foot acceleration" : 
			{
				"0" : 
				[
					0,
					0,
					0
				],
				"1" : 
				[
					0,
					0,
					0
				],
				"2" : 
				[
					0,
					0,
					0
				],
				"3" : 
				[
					0,
					0,
					0
				]
			},
			"Foot position" : 
			{
				"0" : 
				[
					0.23000000000000001,
					-0.10000000000000001,
					0
				],
				"1" : 
				[
					0.23000000000000001,
					0.10000000000000001,
					0
				],
				"2" : 
				[
					-0.23000000000000001,
					-0.10000000000000001,
					0
				],
				"3" : 
				[
					-0.23000000000000001,
					0.10000000000000001,
					0
				]
			},
			"Foot velocity" : 
			{
				"0" : 
				[
					0,
					0,
					0
				],
				"1" : 
				[
					0,
					0,
					0
				],
				"2" : 
				[
					0,
					0,
					0
				],
				"3" : 
				[
					0,
					0,
					0
				]
			},
			"Joint position" : 
			[
				-0.058169594495042672,
				0.8606795964303493,
				0,
				-0.03276253381733539,
				0.85845335390264288,
				0,
				-0.052863211158856276,
				0.54883885539380539,
				0,
				-0.035807246256259979,
				0.54540492331279189,
				0
			],
			"Quat" : 
			[
				0.9999080270203784,
				-0.0021679750380864836,
				-0.013387956694301352,
				0.002072384781151018,
				0.99997229263179288,
				-0.0071497685301604059,
				0.013403086268957167,
				0.0071213659469411029,
				0.99988481507897531
			]
		},
		"0.014001" : 
		{
			"Base euler acceleration" : 
			[
				-73.496697663718891,
				142.40051999978627,
				-23.462715970354353
			],
			"Base euler position" : 
			[
				3.1320190432330635,
				3.1236590161519757,
				3.1386558585898094
			],
			"Base euler velocity" : 
			[
				-1.2808598683599517,
				2.4210184749258161,
				-0.3892784240550422
			],
			"Base linear acceleration" : 
			[
				-7.3598789465777577,
				-5.774945364809188,
				14.194412649212955
			],
			"Base linear position" : 
			[
				-0.0008881918186240045,
				-0.00066710007318534462,
				0.29667272931811728
			],
			"Base linear velocity" : 
			[
				-0.12092298545130833,
				-0.091687316618119075,
				0.22890144264195511
			],
			"Contact forces" : 
			{
				"0" : 
				[
					5.9830694903976696,
					-3.7209755932332613,
					-28.300241514202643
				],
				"1" : 
				[
					-16.870148005604801,
					-15.093872499208963,
					46.513709341814646
				],
				"2" : 
				[
					-1.6639690918448549,
					-0.66909885306319439,
					5.2733930292362912
				],
				"3" : 
				[
					-6.957203035843289,
					-1.1583872118034566,
					307.64436026971958
				]
			},
			"Foot acceleration" : 
			{
				"0" : 
				[
					0,
					0,
					0
				],
				"1" : 
				[
					0,
					0,
					0
				],
				"2" : 
				[
					0,
					0,
					0
				],
				"3" : 
				[
					0,
					0,
					0
				]
			},
			"Foot position" : 
			{
				"0" : 
				[
					0.23000000000000001,
					-0.10000000000000001,
					0
				],
				"1" : 
				[
					0.23000000000000001,
					0.10000000000000001,
					0
				],
				"2" : 
				[
					-0.23000000000000001,
					-0.10000000000000001,
					0
				],
				"3" : 
				[
					-0.23000000000000001,
					0.10000000000000001,
					0
				]
			},
			"Foot velocity" : 
			{
				"0" : 
				[
					0,
					0,
					0
				],
				"1" : 
				[
					0,
					0,
					0
				],
				"2" : 
				[
					0,
					0,
					0
				],
				"3" : 
				[
					0,
					0,
					0
				]
			},
			"Joint position" : 
			[
				-0.062659934866080735,
				0.86686426068640654,
				0,
				-0.028500674033338461,
				0.86386813006670871,
				0,
				-0.055466773523015253,
				0.56008359872146818,
				0,
				-0.032677820524496311,
				0.55547389401383285,
				0
			],
			"Quat" : 
			[
				0.99983488494803829,
				-0.0029363185326152833,
				-0.017932676164423469,
				0.0027649791037625596,
				0.99995036534254533,
				-0.0095719246688403328,
				0.017959892301982715,
				0.0095207607251320929,
				0.9997933773453973
			]
		},
		"0.016001" : 
		{
			"Base euler acceleration" : 
			[
				-68.236154741667775,
				133.7253531298978,
				-22.009526592735263
			],
			"Base euler position" : 
			[
				3.1292959859840384,
				3.11854712364855,
				3.1377755521530366
			],
			"Base euler velocity" : 
			[
				-1.4225980885426657,
				2.6971428256177474,
				-0.43475406476060652
			],
			"Base linear acceleration" : 
			[
				-6.9948854731242935,
				-5.5537600278542811,
				13.578501107315532
			],
			"Base linear position" : 
			[
				-0.0011445142184374742,
				-0.00086187714025989771,
				0.29715851042100505
			],
			"Base linear velocity" : 
			[
				-0.13527774987101038,
				-0.10301602201078254,
				0.25667435639848357
			],
			"Contact forces" : 
			{
				"0" : 
				[
					6.8416159599497099,
					-3.82853775359504,
					-31.746120885733234
				],
				"1" : 
				[
					-16.659697563689345,
					-14.346836162852785,
					46.903827628981084
				],
				"2" : 
				[
					-1.4180080035996134,
					-0.33282858134118115,
					4.301089548394339
				],
				"3" : 
				[
					-6.1055147648280998,
					-1.0165795347026778,
					374.09393741023723
				]
			},
			"Foot acceleration" : 
			{
				"0" : 
				[
					0,
					0,
					0
				],
				"1" : 
				[
					0,
					0,
					0
				],
				"2" : 
				[
					0,
					0,
					0
				],
				"3" : 
				[
					0,
					0,
					0
				]
			},
			"Foot position" : 
			{
				"0" : 
				[
					0.23000000000000001,
					-0.10000000000000001,
					0
				],
				"1" : 
				[
					0.23000000000000001,
					0.10000000000000001,
					0
				],
				"2" : 
				[
					-0.23000000000000001,
					-0.10000000000000001,
					0
				],
				"3" : 
				[
					-0.23000000000000001,
					0.10000000000000001,
					0
				]
			},
			"Foot velocity" : 
			{
				"0" : 
				[
					0,
					0,
					0
				],
				"1" : 
				[
					0,
					0,
					0
				],
				"2" : 
				[
					0,
					0,
					0
				],
				"3" : 
				[
					0,
					0,
					0
				]
			},
			"Joint position" : 
			[
				-0.067743772561874263,
				0.87387303496622837,
				0,
				-0.023672393921251766,
				0.8700041640745656,
				0,
				-0.058383866057684176,
				0.5727265663896367,
				0,
				-0.029175872947909239,
				0.5667917716530686,
				0
			],
			"Quat" : 
			[
				0.99972718033892094,
				-0.0038160785902111079,
				-0.023043490095553811,
				0.0035334546505518981,
				0.9999181939403593,
				-0.012293092584153483,
				0.023088516405846592,
				0.01220831565955798,
				0.99965888053822316
			]
		},
		"0.018001" : 
		{
			"Base euler acceleration" : 
			[
				-62.9462255397371,
				125.05735889034027,
				-20.548856066398848
			],
			"Base euler position" : 
			[
				3.12629247777181,
				3.1129040565885364,
				3.1367853175167517
			],
			"Base euler velocity" : 
			[
				-1.5537848890339196,
				2.955924667443445,
				-0.47731158082880576
			],
			"Base linear acceleration" : 
			[
				-6.6298919996708294,
				-5.3325746908993743,
				12.96258956541811
			],
			"Base linear position" : 
			[
				-0.0014288161601434415,
				-0.0010788692474458684,
				0.297698605528322
			],
			"Base linear velocity" : 
			[
				-0.14890252734380552,
				-0.11390235672953622,
				0.28321544707121726
			],
			"Contact forces" : 
			{
				"0" : 
				[
					7.6413646320482673,
					-3.9113607743949141,
					-34.826819708052454
				],
				"1" : 
				[
					-16.416437841135824,
					-13.535408243325111,
					47.282532921990502
				],
				"2" : 
				[
					-1.1589385627915088,
					0.02043768946879207,
					3.2814678548343927
				],
				"3" : 
				[
					-5.232489292430957,
					-0.87121917398891502,
					442.20826450381321
				]
			},
			"Foot acceleration" : 
			{
				"0" : 
				[
					0,
					0,
					0
				],
				"1" : 
				[
					0,
					0,
					0
				],
				"2" : 
				[
					0,
					0,
					0
				],
				"3" : 
				[
					0,
					0,
					0
				]
			},
			"Foot position" : 
			{
				"0" : 
				[
					0.23000000000000001,
					-0.10000000000000001,
					0
				],
				"1" : 
				[
					0.23000000000000001,
					0.10000000000000001,
					0
				],
				"2" : 
				[
					-0.23000000000000001,
					-0.10000000000000001,
					0
				],
				"3" : 
				[
					-0.23000000000000001,
					0.10000000000000001,
					0
				]
			},
			"Foot velocity" : 
			{
				"0" : 
				[
					0,
					0,
					0
				],
				"1" : 
				[
					0,
					0,
					0
				],
				"2" : 
				[
					0,
					0,
					0
				],
				"3" : 
				[
					0,
					0,
					0
				]
			},
			"Joint position" : 
			[
				-0.073396795308508664,
				0.88167424602692979,
				0,
				-0.018299929245051364,
				0.87683367995606498,
				0,
				-0.061591586891418526,
				0.58667823175409184,
				0,
				-0.025330583578337177,
				0.5792781332866751,
				0
			],
			"Quat" : 
			[
				0.99957695996180451,
				-0.0048053393953628549,
				-0.028684661873766941,
				0.0043678967063068433,
				0.99987351048298279,
				-0.015293283257678824,
				0.02875452298126329,
				0.015161521946425411,
				0.99947151318103511
			]
		},
		"0.020001" : 
		{
			"Base euler acceleration" : 
			[
				-57.632775975411313,
				116.39266470883813,
				-19.105440227694018
			],
			"Base euler position" : 
			[
				3.1230279848275302,
				3.1067652521445734,
				3.1356869089722772
			],
			"Base euler velocity" : 
			[
				-1.6743673015265335,
				3.19737445928939,
				-0.51696103015144823
			],
			"Base linear acceleration" : 
			[
				-6.2648985262173653,
				-5.1113893539444666,
				12.346678023520685
			],
			"Base linear position" : 
			[
				-0.0017396376698480924,
				-0.0013171916533954366,
				0.29829055099390067
			],
			"Base linear velocity" : 
			[
				-0.16179731786969373,
				-0.12434632077438006,
				0.30852471466015607
			],
			"Contact forces" : 
			{
				"0" : 
				[
					8.383725248216086,
					-3.9703100840392178,
					-37.553107638920594
				],
				"1" : 
				[
					-16.139249911361944,
					-12.667885058821852,
					47.634881270790203
				],
				"2" : 
				[
					-0.88802651792038778,
					0.38886628268567913,
					2.2204816185677858
				],
				"3" : 
				[
					-4.3598541346932382,
					-0.72592380139002377,
					510.29213885434552
				]
			},
			"Foot acceleration" : 
			{
				"0" : 
				[
					0,
					0,
					0
				],
				"1" : 
				[
					0,
					0,
					0
				],
				"2" : 
				[
					0,
					0,
					0
				],
				"3" : 
				[
					0,
					0,
					0
				]
			},
			"Foot position" : 
			{
				"0" : 
				[
					0.23000000000000001,
					-0.10000000000000001,
					0
				],
				"1" : 
				[
					0.23000000000000001,
					0.10000000000000001,
					0
				],
				"2" : 
				[
					-0.23000000000000001,
					-0.10000000000000001,
					0
				],
				"3" : 
				[
					-0.23000000000000001,
					0.10000000000000001,
					0
				]
			},
			"Foot velocity" : 
			{
				"0" : 
				[
					0,
					0,
					0
				],
				"1" : 
				[
					0,
					0,
					0
				],
				"2" : 
				[
					0,
					0,
					0
				],
				"3" : 
				[
					0,
					0,
					0
				]
			},
			"Joint position" : 
			[
				-0.079595176056389827,
				0.89023629643240454,
				0,
				-0.012405093780428849,
				0.88432873913982102,
				0,
				-0.065067206921544316,
				0.60184949813026245,
				0,
				-0.021170931308210097,
				0.59285296548519661,
				0
			],
			"Quat" : 
			[
				0.99937615906966959,
				-0.0059021289902556374,
				-0.034820361235012719,
				0.0052583125552145143,
				0.99981406303202236,
				-0.018552345201373339,
				0.034923385177071047,
				0.018357675146423932,
				0.999221373335755
			]
		},
		"0.022001" : 
		{
			"Base euler acceleration" : 
			[
				-52.302071110269864,
				107.72748493158649,
				-17.702304598014528
			],
			"Base euler position" : 
			[
				3.1195219733823514,
				3.1001661474893005,
				3.1344820808109355
			],
			"Base euler velocity" : 
			[
				-1.7843044795085374,
				3.4214950004210056,
				-0.55376023343461678
			],
			"Base linear acceleration" : 
			[
				-5.8999050527639012,
				-4.8902040169895589,
				11.730766481623263
			],
			"Base linear position" : 
			[
				-0.002075518773657613,
				-0.0015759596167607827,
				0.29893188317157343
			],
			"Base linear velocity" : 
			[
				-0.17396212144867501,
				-0.13434791414531411,
				0.3326021591653
			],
			"Contact forces" : 
			{
				"0" : 
				[
					9.0701075499759138,
					-4.0062511109342882,
					-39.935754336097936
				],
				"1" : 
				[
					-15.827014847785387,
					-11.75256292753893,
					47.945928725327491
				],
				"2" : 
				[
					-0.60653761748609847,
					0.77062352162843395,
					1.1240845096058467
				],
				"3" : 
				[
					-3.5093368076563278,
					-0.58431108863385994,
					576.65035776573211
				]
			},
			"Foot acceleration" : 
			{
				"0" : 
				[
					0,
					0,
					0
				],
				"1" : 
				[
					0,
					0,
					0
				],
				"2" : 
				[
					0,
					0,
					0
				],
				"3" : 
				[
					0,
					0,
					0
				]
			},
			"Foot position" : 
			{
				"0" : 
				[
					0.23000000000000001,
					-0.10000000000000001,
					0
				],
				"1" : 
				[
					0.23000000000000001,
					0.10000000000000001,
					0
				],
				"2" : 
				[
					-0.23000000000000001,
					-0.10000000000000001,
					0
				],
				"3" : 
				[
					-0.23000000000000001,
					0.10000000000000001,
					0
				]
			},
			"Foot velocity" : 
			{
				"0" : 
				[
					0,
					0,
					0
				],
				"1" : 
				[
					0,
					0,
					0
				],
				"2" : 
				[
					0,
					0,
					0
				],
				"3" : 
				[
					0,
					0,
					0
				]
			},
			"Joint position" : 
			[
				-0.086315528407110292,
				0.89952737705758512,
				0,
				-0.0060093397477182413,
				0.89246089891523495,
				0,
				-0.068788178021352536,
				0.6181519668803056,
				0,
				-0.016725625469857557,
				0.60743683224472322,
				0
			],
			"Quat" : 
			[
				0.99911678667836568,
				-0.0071044123602688816,
				-0.041414658063447747,
				0.0061948287494828762,
				0.9997376773992338,
				-0.0220499543117442,
				0.041560446030590427,
				0.021773922783933194,
				0.99889870638235267
			]
		},
		"0.024001" : 
		{
			"Base euler acceleration" : 
			[
				-46.96081852990325,
				99.058129758442348,
				-16.360754450611285
			],
			"Base euler position" : 
			[
				3.1157939096674245,
				3.0931421797953567,
				3.1331725873240495
			],
			"Base euler velocity" : 
			[
				-1.8835685438026206,
				3.6282816130689435,
				-0.58781134402137958
			],
			"Base linear acceleration" : 
			[
				-5.5349115793104371,
				-4.669018680034652,
				11.114854939725838
			],
			"Base linear position" : 
			[
				-0.0024349994976781883,
				-0.0018542883961940868,
				0.29962013841517265
			],
			"Base linear velocity" : 
			[
				-0.18539693808074936,
				-0.1439071368423383,
				0.35544778058664916
			],
			"Contact forces" : 
			{
				"0" : 
				[
					9.7019212788504934,
					-4.0200492834864585,
					-41.985529457344747
				],
				"1" : 
				[
					-15.478613723823859,
					-10.797738167672257,
					48.200731335549676
				],
				"2" : 
				[
					-0.31573760998848799,
					1.1638757296160114,
					-0.0017698020400924719
				],
				"3" : 
				[
					-2.7026648273615983,
					-0.44999870744827875,
					639.58771854187091
				]
			},
			"Foot acceleration" : 
			{
				"0" : 
				[
					0,
					0,
					0
				],
				"1" : 
				[
					0,
					0,
					0
				],
				"2" : 
				[
					0,
					0,
					0
				],
				"3" : 
				[
					0,
					0,
					0
				]
			},
			"Foot position" : 
			{
				"0" : 
				[
					0.23000000000000001,
					-0.10000000000000001,
					0
				],
				"1" : 
				[
					0.23000000000000001,
					0.10000000000000001,
					0
				],
				"2" : 
				[
					-0.23000000000000001,
					-0.10000000000000001,
					0
				],
				"3" : 
				[
					-0.23000000000000001,
					0.10000000000000001,
					0
				]
			},
			"Foot velocity" : 
			{
				"0" : 
				[
					0,
					0,
					0
				],
				"1" : 
				[
					0,
					0,
					0
				],
				"2" : 
				[
					0,
					0,
					0
				],
				"3" : 
				[
					0,
					0,
					0
				]
			},
			"Joint position" : 
			[
				-0.093534859197650089,
				0.90951519556816773,
				0,
				0.00086617861497745991,
				0.90120089092305444,
				0,
				-0.07273213532479321,
				0.6354981726786052,
				0,
				-0.012023052173598597,
				0.6229510177897164,
				0
			],
			"Quat" : 
			[
				0.99879109843149005,
				-0.008410085986769256,
				-0.048431520187917819,
				0.0071678753657218207,
				0.99964231346018229,
				-0.025765610854706713,
				0.048630887887833409,
				0.025387311666851407,
				0.99849412674765947
			]
		},
		"0.026001" : 
		{
			"Base euler acceleration" : 
			[
				-41.616189316048285,
				90.381015221048031,
				-15.100362860074338
			],
			"Base euler position" : 
			[
				3.111863259913902,
				3.0857287862353817,
				3.1317601828029411
			],
			"Base euler velocity" : 
			[
				-1.9721454921840069,
				3.8177223439543453,
				-0.61925739572896998
			],
			"Base linear acceleration" : 
			[
				-5.169918105856973,
				-4.4478333430797452,
				10.498943397828414
			],
			"Base linear position" : 
			[
				-0.0028166198680160061,
				-0.0021512932503475299,
				0.30035285307853088
			],
			"Base linear velocity" : 
			[
				-0.19610176776591678,
				-0.15302398886545274,
				0.37706157892420344
			],
			"Contact forces" : 
			{
				"0" : 
				[
					10.280576176362565,
					-4.0125700301020624,
					-43.713202660421317
				],
				"1" : 
				[
					-15.092927612895052,
					-9.8117070974177452,
					48.384345151404062
				],
				"2" : 
				[
					-0.016892243927403572,
					1.5667892299673656,
					-1.151127646358705
				],
				"3" : 
				[
					-1.9615657098504311,
					-0.32660432956113561,
					697.40901848665976
				]
			},
			"Foot acceleration" : 
			{
				"0" : 
				[
					0,
					0,
					0
				],
				"1" : 
				[
					0,
					0,
					0
				],
				"2" : 
				[
					0,
					0,
					0
				],
				"3" : 
				[
					0,
					0,
					0
				]
			},
			"Foot position" : 
			{
				"0" : 
				[
					0.23000000000000001,
					-0.10000000000000001,
					0
				],
				"1" : 
				[
					0.23000000000000001,
					0.10000000000000001,
					0
				],
				"2" : 
				[
					-0.23000000000000001,
					-0.10000000000000001,
					0
				],
				"3" : 
				[
					-0.23000000000000001,
					0.10000000000000001,
					0
				]
			},
			"Foot velocity" : 
			{
				"0" : 
				[
					0,
					0,
					0
				],
				"1" : 
				[
					0,
					0,
					0
				],
				"2" : 
				[
					0,
					0,
					0
				],
				"3" : 
				[
					0,
					0,
					0
				]
			},
			"Joint position" : 
			[
				-0.10123051647093539,
				0.92016672150827916,
				0,
				0.0082005366502942555,
				0.91051832126570176,
				0,
				-0.076876894218589564,
				0.65380178293030378,
				0,
				-0.0070912348412167456,
				0.63931764287024029,
				0
			],
			"Quat" : 
			[
				0.99839175697596938,
				-0.0098169741464521065,
				-0.055834815492170321,
				0.0081683571218715383,
				0.99952611572951411,
				-0.02967864411659446,
				0.056099710733357462,
				0.029174834931457408,
				0.99799882337724022
			]
		},
		"0.028001" : 
		{
			"Base euler acceleration" : 
			[
				-36.275818258453413,
				81.692674016040556,
				-13.938957397382238
			],
			"Base euler position" : 
			[
				3.1077494903529357,
				3.0779614039820138,
				3.1302466215389333
			],
			"Base euler velocity" : 
			[
				-2.0500361299066241,
				3.9897981866621124,
				-0.64827882531227998
			],
			"Base linear acceleration" : 
			[
				-4.8049246324035089,
				-4.2266480061248384,
				9.8830318559309909
			],
			"Base linear position" : 
			[
				-0.0032189199107772516,
				-0.0024660894378732917,
				0.30112756351548031
			],
			"Base linear velocity" : 
			[
				-0.2060766105041773,
				-0.1616984702146573,
				0.39744355417796284
			],
			"Contact forces" : 
			{
				"0" : 
				[
					10.807481984034887,
					-3.9846787791874387,
					-45.129543603087903
				],
				"1" : 
				[
					-14.668837588416661,
					-8.802766034971313,
					48.48182622283796
				],
				"2" : 
				[
					0.28873273219730711,
					1.9775303460014504,
					-2.3180353533386597
				],
				"3" : 
				[
					-1.3077669711642006,
					-0.21774562670028641,
					748.41905490399688
				]
			},
			"Foot acceleration" : 
			{
				"0" : 
				[
					0,
					0,
					0
				],
				"1" : 
				[
					0,
					0,
					0
				],
				"2" : 
				[
					0,
					0,
					0
				],
				"3" : 
				[
					0,
					0,
					0
				]
			},
			"Foot position" : 
			{
				"0" : 
				[
					0.23000000000000001,
					-0.10000000000000001,
					0
				],
				"1" : 
				[
					0.23000000000000001,
					0.10000000000000001,
					0
				],
				"2" : 
				[
					-0.23000000000000001,
					-0.10000000000000001,
					0
				],
				"3" : 
				[
					-0.23000000000000001,
					0.10000000000000001,
					0
				]
			},
			"Foot velocity" : 
			{
				"0" : 
				[
					0,
					0,
					0
				],
				"1" : 
				[
					0,
					0,
					0
				],
				"2" : 
				[
					0,
					0,
					0
				],
				"3" : 
				[
					0,
					0,
					0
				]
			},
			"Joint position" : 
			[
				-0.10938013118898485,
				0.93144794880487114,
				0,
				0.015972964489186243,
				0.92038139426961196,
				0,
				-0.081200442761529573,
				0.67297775922206959,
				0,
				-0.0019578080065695857,
				0.65645975382072552,
				0
			],
			"Quat" : 
			[
				0.99791197975375823,
				-0.011322827182129087,
				-0.063588318491202264,
				0.0091878111662825439,
				0.99938745795053852,
				-0.033768224962728507,
				0.063931719747772078,
				0.033113478762648085,
				0.9974047487025155
			]
		},
		"0.030001" : 
		{
			"Base euler acceleration" : 
			[
				-30.94778496998758,
				72.989766945491297,
				-12.892606211594543
			],
			"Base euler position" : 
			[
				3.1034720672156775,
				3.0698754702078932,
				3.1286336578233485
			],
			"Base euler velocity" : 
			[
				-2.1172569812773188,
				4.1444833263334937,
				-0.67508996757613882
			],
			"Base linear acceleration" : 
			[
				-4.4399311589500448,
				-4.0054626691699315,
				9.2671203140335674
			],
			"Base linear position" : 
			[
				-0.0036404396520681114,
				-0.002797792217423553,
				0.30194180607985349
			],
			"Base linear velocity" : 
			[
				-0.21532146629553084,
				-0.16993058088995208,
				0.41659370634792736
			],
			"Contact forces" : 
			{
				"0" : 
				[
					11.284048443390189,
					-3.9372409591489204,
					-46.245321943104813
				],
				"1" : 
				[
					-14.205224723806385,
					-7.7792112985288737,
					48.478230599798678
				],
				"2" : 
				[
					0.59987156988579649,
					2.3942654010372202,
					-3.4965392529686268
				],
				"3" : 
				[
					-0.76299612734429267,
					-0.1270402705935858,
					790.92262509778016
				]
			},
			"Foot acceleration" : 
			{
				"0" : 
				[
					0,
					0,
					0
				],
				"1" : 
				[
					0,
					0,
					0
				],
				"2" : 
				[
					0,
					0,
					0
				],
				"3" : 
				[
					0,
					0,
					0
				]
			},
			"Foot position" : 
			{
				"0" : 
				[
					0.23000000000000001,
					-0.10000000000000001,
					0
				],
				"1" : 
				[
					0.23000000000000001,
					0.10000000000000001,
					0
				],
				"2" : 
				[
					-0.23000000000000001,
					-0.10000000000000001,
					0
				],
				"3" : 
				[
					-0.23000000000000001,
					0.10000000000000001,
					0
				]
			},
			"Foot velocity" : 
			{
				"0" : 
				[
					0,
					0,
					0
				],
				"1" : 
				[
					0,
					0,
					0
				],
				"2" : 
				[
					0,
					0,
					0
				],
				"3" : 
				[
					0,
					0,
					0
				]
			},
			"Joint position" : 
			[
				-0.11796155115075235,
				0.94332367665120653,
				0,
				0.024162764427364633,
				0.93075666231696452,
				0,
				-0.085680930289513152,
				0.69294247955505739,
				0,
				0.0033499968198161148,
				0.67430138422623087,
				0
			],
			"Quat" : 
			[
				0.99734567410079333,
				-0.012925321916894912,
				-0.071655721375049303,
				0.010218551303574559,
				0.99922498150986983,
				-0.038013386271899062,
				0.072091522120775603,
				0.037180268691135422,
				0.9967047908274369
			]
		},
		"0.032001" : 
		{
			"Base euler acceleration" : 
			[
				-25.640577590450107,
				64.269094668963874,
				-11.975604279094108
			],
			"Base euler position" : 
			[
				3.0990504567332788,
				3.061506422085658,
				3.1269230459475086
			],
			"Base euler velocity" : 
			[
				-2.1738411457660032,
				4.2817454076037764,
				-0.6999355226869628
			],
			"Base linear acceleration" : 
			[
				-4.0749376854965798,
				-3.7842773322150238,
				8.6512087721361439
			],
			"Base linear position" : 
			[
				-0.004079719117994771,
